image_width: 640
image_height: 480
camera_name: rgb_PS1080_PrimeSense
camera_matrix:
  rows: 3
  cols: 3
  data: [537.8210074099695, 0, 318.1197039615437, 0, 537.8881081901909, 237.6463351791856, 0, 0, 1]
distortion_model: plumb_bob
distortion_coefficients:
  rows: 1
  cols: 5
  data: [0.033787174519963076, -0.11714156173774834, 0.0014968059955103004, 0.000334718072965578, 0]
rectification_matrix:
  rows: 3
  cols: 3
  data: [1, 0, 0, 0, 1, 0, 0, 0, 1]
projection_matrix:
  rows: 3
  cols: 4
  data: [537.8210074099695, 0, 318.1197039615437, 0, 0, 537.8881081901909, 237.6463351791856, 0, 0, 0, 1, 0]
