image_width: 640
image_height: 480
camera_name: rgb_PS1080_PrimeSense
camera_matrix:
  rows: 3
  cols: 3
  data: [535.6936812253109, 0, 319.403235941985, 0, 535.4487534400018, 245.43058660209957, 0, 0, 1]
distortion_model: plumb_bob
distortion_coefficients:
  rows: 1
  cols: 5
  data: [0.043382980180804345, -0.1456152119307848, 0.0011806535991421786, 0.0009308264597303634, 0]
rectification_matrix:
  rows: 3
  cols: 3
  data: [1, 0, 0, 0, 1, 0, 0, 0, 1]
projection_matrix:
  rows: 3
  cols: 4
  data: [535.6936812253109, 0, 319.403235941985, 0, 0, 535.4487534400018, 245.43058660209957, 0, 0, 0, 1, 0]
